[MAIN]
Date=2023-10-12
Device=TESCAN AMBER X
DeviceModel=S8202X
FullUserName=supervisor
SerialNumber=42
SoftwareVersion=TESCAN Essence Version 1.2.3.1, build 6173
Time=07:57:34
UserName=supervisor
PixelSizeX=5.00e-09
PixelSizeY=5.00e-09
Note = Depth step1, frame 3
Sign = Position_1
AccDCFA = 10
AccFrames = 10
AccType = DCFA

[SEM]
AcceleratorVoltage=5000.0
ApertureOptimization=1.0
ChamberPressure=0.0005
CrossFree=0
CrossSectionShiftX=-0.0
CrossSectionShiftY=-0.0
EmissionCurrent=0.0000629166696
Gun=Schottky
GunShiftX=0.0
GunShiftY=0.0
GunTiltX=-1.88666915
GunTiltY=-2.61575188
HV=5000.0
IMLCenteringX=9.46687298
IMLCenteringY=-27.37060561
ImageShiftX=0.00000022
ImageShiftY=0.00000013
InjectedGas=N2
OBJCenteringX=-17.4318844
OBJCenteringY=28.64789134
OBJPreCenteringX=-4.87249646
OBJPreCenteringY=0.10395469
PotentialMode=BrightBeam
PredictedBeamCurrent=0.0000000003
SampleVoltage=0.0
ScanMode=UH-RESOLUTION
ScanRotation=285.0
SessionID=ecd6270c-c2e4-4aad-92f9-c09c73d22097
SpecimenCurrent=0.000000000178
SpotSize=0.000000004
StageRotation=211.1654987
StageTilt=0.0
StageTiltY'=-10.0
StageX=-0.020267894
StageY=0.038
StageZ=0.005
StigmatorX=-1.55007166
StigmatorY=-0.45552631
TiltCorrection=0.0
TubeVoltage=7000.0
VirtualObserverDistance=0.0196596
WD=0.006
